﻿富锦路地铁站	1	31.3922500	121.4246600
友谊西路地铁站	1	31.3809840	121.4280450
宝安公路地铁站	1	31.3695660	121.4309810
共富新村地铁站	1	31.3551800	121.4341140
呼兰路地铁站	1	31.3398810	121.4377070
通河新村地铁站	1	31.3311300	121.4415380
共康路地铁站	1	31.3189580	121.4470960
彭浦新村地铁站	1	31.3066040	121.4486420
汶水路地铁站	1	31.2925930	121.4502400
上海马戏城地铁站	1	31.2799340	121.4520170
延长路地铁站	1	31.2716250	121.4553610
中山北路地铁站	1	31.2587600	121.4592200
上海火车站地铁站	1	31.2496900	121.4582160
汉中路地铁站	1	31.2416200	121.4583210
新闸路地铁站	1	31.2385537	121.4688241
人民广场地铁站	1	31.2327110	121.4757550
黄陂南路地铁站	1	31.2227290	121.4732920
陕西南路地铁站	1	31.2150000	121.4582660
常熟路地铁站	1	31.2135240	121.4491410
衡山路地铁站	1	31.2045740	121.4464570
徐家汇地铁站	1	31.1946280	121.4361350
上海体育馆地铁站	1	31.1827810	121.4372770
漕宝路地铁站	1	31.1682370	121.4349770
上海南站地铁站	1	31.1545270	121.4301330
锦江乐园地铁站	1	31.1419640	121.4139580
莲花路地铁站	1	31.1309670	121.4029050
外环路地铁站	1	31.1210080	121.3931010
莘庄地铁站	1	31.1110900	121.3853460
浦东国际机场地铁站	2	31.1504620	121.8058530
海天三路地铁站	2	31.1683560	121.7970510
远东大道地铁站	2	31.1994440	121.7553740
凌空路地铁站	2	31.1926550	121.7228170
川沙地铁站	2	31.1871549	121.6995211
华夏东路地铁站	2	31.1965740	121.6811010
创新中路地铁站	2	31.2138580	121.6737350
唐镇地铁站	2	31.2133440	121.6565650
广兰路地铁站	2	31.2110500	121.6210960
金科路地铁站	2	31.2042200	121.6020380
张江高科地铁站	2	31.2018300	121.5876710
龙阳路地铁站	2	31.2024910	121.5577250
世纪公园地铁站	2	31.2095470	121.5508670
上海科技馆地铁站	2	31.2173730	121.5454612
世纪大道地铁站	2	31.2289780	121.5268500
东昌路地铁站	2	31.2333170	121.5154130
陆家嘴地铁站	2	31.2382030	121.5023090
南京东路地铁站	2	31.2380730	121.4846410
人民广场地铁站	2	31.2327110	121.4757550
南京西路地铁站	2	31.2298610	121.4599890
静安寺地铁站	2	31.2232040	121.4464550
江苏路地铁站	2	31.2205180	121.4306710
中山公园地铁站	2	31.2198660	121.4165040
娄山关路地铁站	2	31.2111670	121.4040000
威宁路地铁站	2	31.2149490	121.3869320
北新泾地铁站	2	31.2166030	121.3742010
淞虹路地铁站	2	31.2182260	121.3594730
虹桥2号航站楼地铁站	2	31.1942300	121.3262490
虹桥火车站地铁站	2	31.1939500	121.3215500
徐泾东地铁站	2	31.1882860	121.2993270
上海南站地铁站	3	31.1545270	121.4301330
石龙路地铁站	3	31.1579250	121.4431970
龙漕路地铁站	3	31.1694610	121.4443890
漕溪路地铁站	3	31.1767360	121.4383650
宜山路地铁站	3	31.1753410	121.4182300
虹桥路地铁站	3	31.1974480	121.4207730
延安西路地铁站	3	31.2095880	121.4170660
中山公园地铁站	3	31.2198660	121.4165040
金沙江路地铁站	3	31.2321350	121.4132170
曹杨路地铁站	3	31.2394100	121.4178830
镇坪路地铁站	3	31.2465100	121.4300020
中潭路地铁站	3	31.2544846	121.4413221
上海火车站地铁站	3	31.2496900	121.4582160
宝山路地铁站	3	31.2515710	121.4763680
东宝兴路地铁站	3	31.2597830	121.4802450
虹口足球场地铁站	3	31.2705990	121.4794140
赤峰路地铁站	3	31.2812510	121.4824900
大柏树地铁站	3	31.2895520	121.4832240
江湾镇地铁站	3	31.3055160	121.4850780
殷高西路地铁站	3	31.3198590	121.4849600
长江南路地铁站	3	31.3320500	121.4915560
淞发路地铁站	3	31.3451480	121.5004160
张华浜地铁站	3	31.3580220	121.4987090
淞滨路地铁站	3	31.3710820	121.4928280
水产路地铁站	3	31.3814020	121.4881770
宝杨路地铁站	3	31.3953150	121.4795830
友谊路地铁站	3	31.4040798530	121.4760264288
铁力路地铁站	3	31.4081640	121.4612190
江杨北路地铁站	3	31.4078560	121.4398230
宜山路地铁站	4	31.1753410	121.4182300
上海体育馆地铁站	4	31.1827810	121.4372770
上海体育场地铁站	4	31.1827810	121.4372770
东安路地铁站	4	31.1908150	121.4548700
大木桥路地铁站	4	31.1940040	121.4633160
鲁班路地铁站	4	31.1991950	121.4749850
西藏南路地铁站	4	31.2019630	121.4895610
南浦大桥地铁站	4	31.2085940	121.4995760
塘桥地铁站	4	31.2097980	121.5186250
蓝村路地铁站	4	31.2118540	121.5277340
浦电路地铁站	4	31.2223670	121.5320520
世纪大道地铁站	4	31.2289780	121.5268500
浦东大道地铁站	4	31.2400130	121.5193790
杨树浦路地铁站	4	31.2519230	121.5172160
大连路地铁站	4	31.2579380	121.5130880
临平路地铁站	4	31.2608670	121.5006600
海伦路地铁站	4	31.2592760	121.4886750
宝山路地铁站	4	31.2515710	121.4763680
上海火车站地铁站	4	31.2496900	121.4582160
中潭路地铁站	4	31.2544846	121.4413221
镇坪路地铁站	4	31.2465100	121.4300020
曹杨路地铁站	4	31.2394100	121.4178830
金沙江路地铁站	4	31.2321350	121.4132170
中山公园地铁站	4	31.2198660	121.4165040
延安西路地铁站	4	31.2095880	121.4170660
虹桥路地铁站	4	31.1974480	121.4207730
莘庄地铁站	5	31.1110900	121.3853460
春申路地铁站	5	31.0982050	121.3857830
银都路地铁站	5	31.0893210	121.3903560
颛桥地铁站	5	31.0669870	121.4018780
北桥地铁站	5	31.0450670	121.4100880
剑川路地铁站	5	31.0264240	121.4165780
东川路地铁站	5	31.0182220	121.4198600
金平路地铁站	5	31.0112270	121.4101660
华宁路地铁站	5	31.0073790	121.3952550
文井路地铁站	5	31.0035600	121.3808050
闵行开发区地铁站	5	31.0107213	121.4082187
港城路地铁站	6	31.3530150	121.5748400
外高桥保税区北地铁站	6	31.3478400	121.5869140
航津路地铁站	6	31.3354410	121.5939810
外高桥保税区南地铁站	6	31.3215893	121.6019475
洲海路地铁站	6	31.3123170	121.5894070
五洲大道地铁站	6	31.3025890	121.5893140
东靖路地铁站	6	31.2906680	121.5888470
巨峰路地铁站	6	31.2806800	121.5884480
五莲路地铁站	6	31.2720730	121.5879560
博兴路地铁站	6	31.2635010	121.5866890
金桥路地铁站	6	31.2571810	121.5819000
云山路地铁站	6	31.2503890	121.5727330
德平路地铁站	6	31.2453940	121.5642310
北洋泾路地铁站	6	31.2391210	121.5522600
民生路地铁站	6	31.2358500	121.5435250
源深体育中心地铁站	6	31.2330040	121.5346430
世纪大道地铁站	6	31.2289780	121.5268500
浦电路(6号线)地铁站	6	31.2201520	121.5291040
蓝村路地铁站	6	31.2118540	121.5277340
上海儿童医学中心地铁站	6	31.2032890	121.5234910
临沂新村地铁站	6	31.1931840	121.5166650
高科西路地铁站	6	31.1857450	121.5097930
东明路地铁站	6	31.1726460	121.5108680
高青路地铁站	6	31.1600880	121.5156790
华夏西路地铁站	6	31.1498700	121.5145150
上南路地铁站	6	31.1491330	121.5062820
灵岩南路地铁站	6	31.1487630	121.4953160
东方体育中心地铁站	6	31.1533660	121.4803040
花木路地铁站	7	31.2112120	121.5627540
龙阳路地铁站	7	31.2024910	121.5577250
芳华路地铁站	7	31.1931600	121.5500990
锦绣路地铁站	7	31.1875920	121.5400410
杨高南路地铁站	7	31.1875730	121.5251060
高科西路地铁站	7	31.1857450	121.5097930
云台路地铁站	7	31.1821280	121.5003750
耀华路地铁站	7	31.1785130	121.4946120
长清路地铁站	7	31.1746100	121.4861180
后滩地铁站	7	31.1718830	121.4739360
龙华中路地铁站	7	31.1849660	121.4571380
东安路地铁站	7	31.1908150	121.4548700
肇嘉浜路地铁站	7	31.1994940	121.4503380
常熟路地铁站	7	31.2135240	121.4491410
静安寺地铁站	7	31.2232040	121.4464550
昌平路地铁站	7	31.2338840	121.4425270
长寿路地铁站	7	31.2399765835	121.4381133814
镇坪路地铁站	7	31.2465100	121.4300020
岚皋路地铁站	7	31.2562220	121.4217930
新村路地铁站	7	31.2639520	121.4226820
大华三路地铁站	7	31.2738700	121.4230460
行知路地铁站	7	31.2849420	121.4214930
大场镇地铁站	7	31.2933200	121.4165480
场中路地铁站	7	31.3038640	121.4136940
上大路地铁站	7	31.3149630	121.4086010
南陈路地铁站	7	31.3214360	121.3987240
上海大学地铁站	7	31.3205730	121.3888120
祁华路地铁站	7	31.3223150	121.3735690
顾村公园地铁站	7	31.3448090	121.3727630
刘行地铁站	7	31.3575680	121.3624020
潘广路地铁站	7	31.3641790	121.3558370
罗南新村地铁站	7	31.3887330	121.3574510
美兰湖地铁站	7	31.4017210	121.3501220
沈杜公路地铁站	8	31.0614090	121.5122280
联航路地铁站	8	31.0734170	121.5105900
江月路地铁站	8	31.0842060	121.5092730
浦江镇地铁站	8	31.0962450	121.5063880
芦恒路地铁站	8	31.1190740	121.4978130
凌兆新村地铁站	8	31.1413570	121.4896430
东方体育中心地铁站	8	31.1533660	121.4803040
杨思地铁站	8	31.1610670	121.4934630
成山路地铁站	8	31.1706880	121.4962360
耀华路地铁站	8	31.1785130	121.4946120
中华艺术宫地铁站	8	31.1854110	121.4936250
西藏南路地铁站	8	31.2019630	121.4895610
陆家浜路地铁站	8	31.2117720	121.4861080
老西门地铁站	8	31.2188710	121.4829390
大世界地铁站	8	31.2271820	121.4793260
人民广场地铁站	8	31.2327110	121.4757550
曲阜路地铁站	8	31.2423070	121.4715430
中兴路地铁站	8	31.2532280	121.4690260
西藏北路地铁站	8	31.2635230	121.4687830
虹口足球场地铁站	8	31.2705990	121.4794140
曲阳路地铁站	8	31.2765200	121.4907100
四平路地铁站	8	31.2748790	121.5014810
鞍山新村地铁站	8	31.2732480	121.5097300
江浦路地铁站	8	31.2749590	121.5184470
黄兴路地铁站	8	31.2787880	121.5283630
延吉中路地铁站	8	31.2885920	121.5349400
黄兴公园地铁站	8	31.2958310	121.5331410
翔殷路地铁站	8	31.3050020	121.5319740
嫩江路地铁站	8	31.3147890	121.5319520
市光路地铁站	8	31.3227570	121.5319340
杨高中路地铁站	9	31.2275270	121.5487140
世纪大道地铁站	9	31.2289780	121.5268500
商城路地铁站	9	31.2303000	121.5162140
小南门地铁站	9	31.2169819245	121.4985640781
陆家浜路地铁站	9	31.2117720	121.4861080
马当路地铁站	9	31.2095200	121.4772560
打浦桥地铁站	9	31.2063130	121.4686890
嘉善路地铁站	9	31.2028550	121.4608560
肇嘉浜路地铁站	9	31.1994940	121.4503380
徐家汇地铁站	9	31.1946280	121.4361350
宜山路地铁站	9	31.1753410	121.4182300
桂林路地铁站	9	31.1747610	121.4180690
漕河泾开发区地铁站	9	31.1706250	121.3978100
合川路地铁站	9	31.1665450	121.3847820
星中路地铁站	9	31.1581480	121.3690500
七宝地铁站	9	31.1552920	121.3492300
中春路地铁站	9	31.1496380	121.3381830
九亭地铁站	9	31.1385610	121.3201990
泗泾地铁站	9	31.1183190	121.2604500
佘山地铁站	9	31.1044670	121.2297210
洞泾地铁站	9	31.0844890	121.2304730
松江大学城地铁站	9	31.0540890	121.2326170
松江新城地铁站	9	31.0303100	121.2307390
松江体育中心地铁站	9	31.0155660	121.2304880
醉白池地铁站	9	31.0015290	121.2293510
松江南站地铁站	9	30.9852230	121.2310670
新江湾城地铁站	10	31.3285880	121.5067660
殷高东路地铁站	10	31.3217770	121.5068150
三门路地铁站	10	31.3115296	121.4860935
江湾体育场地铁站	10	31.3028610	121.5142180
五角场地铁站	10	31.2980630	121.5146480
国权路地铁站	10	31.2893030	121.5100390
同济大学地铁站	10	31.2821820	121.5063100
四平路地铁站	10	31.2748790	121.5014810
邮电新村地铁站	10	31.2687040	121.4945610
海伦路地铁站	10	31.2592760	121.4886750
四川北路地铁站	10	31.2520760	121.4843520
天潼路地铁站	10	31.2439080	121.4824490
南京东路地铁站	10	31.2380730	121.4846410
豫园地铁站	10	31.2277600	121.4874780
老西门地铁站	10	31.2188710	121.4829390
新天地地铁站	10	31.2164650	121.4752950
陕西南路地铁站	10	31.2150000	121.4582660
上海图书馆地铁站	10	31.2081000	121.4443500
交通大学地铁站	10	31.2022640	121.4352560
虹桥路地铁站	10	31.1974480	121.4207730
宋园路地铁站	10	31.1965930	121.4117300
伊犁路地铁站	10	31.1988340	121.4040690
水城路地铁站	10	31.1994250	121.3920760
龙溪路地铁站	10	31.1943310	121.3799170
龙柏新村地铁站	10	31.1770680	121.3703780
紫藤路地铁站	10	31.1697600	121.3644120
航中路地铁站	10	31.1658530	121.3551630
上海动物园地铁站	10	31.1902460	121.3681460
虹桥1号航站楼地铁站	10	31.1913650	121.3470810
虹桥2号航站楼地铁站	10	31.1942300	121.3262490
虹桥火车站地铁站	10	31.1939500	121.3215500
迪士尼地铁站	11	31.1412268676	121.6680548523
康新公路地铁站	11	31.1304456651	121.6174722505
秀沿路地铁站	11	31.1362870	121.5902640
罗山路地铁站	11	31.1528020	121.5933480
御桥地铁站	11	31.1581710	121.5710970
浦三路地铁站	11	31.1508360	121.5388790
三林东地铁站	11	31.1464530	121.5229750
三林地铁站	11	31.1432270	121.5115190
东方体育中心地铁站	11	31.1533660	121.4803040
龙耀路地铁站	11	31.1598470	121.4597630
云锦路地铁站	11	31.1665902364	121.4586300042
龙华地铁站	11	31.1727709368	121.4529739818
上海游泳馆地铁站	11	31.1792230	121.4416390
徐家汇地铁站	11	31.1946280	121.4361350
交通大学地铁站	11	31.2022640	121.4352560
江苏路地铁站	11	31.2205180	121.4306710
隆德路地铁站	11	31.2305080	121.4235680
曹杨路地铁站	11	31.2394100	121.4178830
枫桥路地铁站	11	31.2418170	121.4114530
真如地铁站	11	31.2508370	121.4071940
上海西站地铁站	11	31.2630100	121.4002660
李子园地铁站	11	31.2690200	121.3899690
祁连山路地铁站	11	31.2716570	121.3759570
武威路地铁站	11	31.2766460	121.3646780
桃浦新村地铁站	11	31.2816030	121.3496230
南翔地铁站	11	31.2968430	121.3232690
马陆地铁站	11	31.3194600	121.2768390
嘉定新城地铁站	11	31.3296233	121.2546919
白银路地铁站	11	31.3451880	121.2454210
嘉定西地铁站	11	31.3770840	121.2278630
嘉定北地铁站	11	31.3915110	121.2373260
上海赛车场地铁站	11	31.3318380	121.2260610
昌吉东路地铁站	11	31.2935540	121.2003840
上海汽车城地铁站	11	31.2853860	121.1808080
安亭地铁站	11	31.2877820	121.1632640
兆丰路地铁站	11	31.2889750	121.1503480
光明路地铁站	11	31.0440048691	121.4127880528
花桥地铁站	11	31.2987960	121.1043160
七莘路地铁站	12	31.1327110	121.3641950
虹莘路地铁站	12	31.1373060	121.3793740
顾戴路地铁站	12	31.1412100	121.3943500
东兰路地铁站	12	31.1547990	121.3920550
虹梅路地铁站	12	31.1622090	121.4025610
虹漕路地铁站	12	31.1784829	121.4083419
桂林公园地铁站	12	31.1668840	121.4186530
漕宝路地铁站	12	31.1682370	121.4349770
龙漕路地铁站	12	31.1694610	121.4443890
龙华地铁站	12	31.1747247136	121.4529567238
龙华中路地铁站	12	31.1849660	121.4571380
大木桥路地铁站	12	31.1940040	121.4633160
嘉善路地铁站	12	31.2028550	121.4608560
陕西南路地铁站	12	31.2150000	121.4582660
南京西路地铁站	12	31.2298610	121.4599890
汉中路地铁站	12	31.2416200	121.4583210
曲阜路地铁站	12	31.2423070	121.4715430
天潼路地铁站	12	31.2439080	121.4824490
国际客运中心地铁站	12	31.2500550	121.4980470
提篮桥地铁站	12	31.2534670	121.5066760
大连路地铁站	12	31.2579380	121.5130880
江浦公园地铁站	12	31.2665974	121.5281962
宁国路地铁站	12	31.2686620	121.5324400
隆昌路地铁站	12	31.2752090	121.5446880
爱国路地铁站	12	31.2797880	121.5526550
复兴岛地铁站	12	31.2853000	121.5620000
东陆路地铁站	12	31.2825320	121.5789070
巨峰路地铁站	12	31.2806800	121.5884480
杨高北路地铁站	12	31.2800920	121.6029370
金京路地铁站	12	31.2798210	121.6155120
申江路地铁站	12	31.2801890	121.6267810
金海路地铁站	12	31.2630420	121.6385720
金运路地铁站	13	31.2410260	121.3191270
金沙江西路地铁站	13	31.2411500	121.3351380
丰庄地铁站	13	31.2425420	121.3551940
祁连山南路地铁站	13	31.2376250	121.3672750
真北路地铁站	13	31.2323570	121.3817120
大渡河路地铁站	13	31.2317760	121.3948940
金沙江路地铁站	13	31.2321350	121.4132170
隆德路地铁站	13	31.2305080	121.4235680
武宁路地铁站	13	31.2343660	121.4305220
长寿路地铁站	13	31.2408792893	121.4384532639
江宁路地铁站	13	31.2440260	121.4435440
汉中路地铁站	13	31.2416200	121.4583210
自然博物馆地铁站	13	31.2344261	121.4634547
南京西路地铁站	13	31.2298610	121.4599890
淮海中路地铁站	13	31.2213400	121.4634990
新天地地铁站	13	31.2164650	121.4752950
马当路地铁站	13	31.2095200	121.4772560
世博会博物馆地铁站	13	31.1936730	121.4811510
世博大道地铁站	13	31.1834110	121.4837990
龙阳路地铁站	16	31.2024910	121.5577250
华夏中路地铁站	16	31.1758440	121.5831000
罗山路地铁站	16	31.1528020	121.5933480
周浦东地铁站	16	31.1099550	121.6069060
鹤沙航城地铁站	16	31.0776300	121.6112350
航头东地铁站	16	31.0549060	121.6174340
新场地铁站	16	31.0454740	121.6489820
野生动物园地铁站	16	31.0502820	121.6997910
惠南地铁站	16	31.0537840	121.7616860
惠南东地铁站	16	31.0265560	121.7937990
书院地铁站	16	30.9592900	121.8505350
临港大道地铁站	16	30.9241980	121.9100730
滴水湖地铁站	16	30.9072680	121.9295590